6301
15283
78873
89390
29868
21018
48824
82852
67477
20771
60642
62229
16155
55263
56719
40425
10702
9661
93691
85594
85967
42556
82270
31500
85567
98453
3376
48078
47895
87093
5302
37614
17541
77832
55449
894
75642
75408
67198
99871
56264
14580
47526
28607
17500
35483
14230
92632
65840
78931
12971
88389
90209
71515
23801
69038
48142
54014
84449
80659
60717
43442
73375
53761
15146
9022
89416
39033
44342
85414
36854
83363
51311
42750
74820
52448
72874
82308
18163
19661
32023
29135
83272
57365
11111
48459
56818
86489
89111
21455
27950
62932
25360
77727
65242
5241
39455
96807
38508
97011
32411
59055
82581
29595
17705
47521
75253
85943
82500
76648
54803
4799
79122
51144
33855
5954
54781
38917
75838
1917
63554
75634
87853
69088
68816
5334
49524
2423
36576
1403
41233
31561
40610
5333
57121
33533
48788
66860
88327
37415
36685
68392
40171
79663
79308
69078
3318
35385
4739
9453
33457
20416
54464
76245
6596
31842
84379
38806
7830
70464
57701
33515
80250
67727
26454
90585
7676
21750
71720
68931
29949
32354
74507
89007
92780
13365
18874
31029
15479
51968
86860
96514
19357
79516
90812
14789
97212
15966
2837
12935
20013
50967
83422
57552
70754
28657
81659
19829
67411
10338
78049
11567
87058
99451
67513
89135
31387
26664
35042
24783
80251
9380
59310
276
64310
19597
90613
86551
50454
16829
88663
34860
74423
28641
73049
19858
73847
90379
34580
43113
71954
87814
79274
26745
37255
81634
28401
1190
97746
31133
77788
18543
19523
75949
27492
3495
69180
79294
28993
87568
66930
83929
61209
59168
3159
82961
38928
1928
34923
61592
77653
86861
907
23036
87415
30059
93435
72103
44722
26955
4365
93317
96655
26652
18039
26942
83986
15351
58929
15912
31256
36606
14225
69425
40895
87990
42324
64830
45751
98634
47046
88451
19837
10222
44344
98108
20577
55187
73408
75365
37563
50180
7257
23890
52567
318
99274
61846
73489
40297
61621
50833
90950
22128
9035
1681
20398
96096
17281
98238
34881
21446
39324
84348
64054
86415
94316
66293
33516
13372
94536
93271
45243
74184
3696
91822
54651
43331
26318
46656
82760
71907
12421
39929
12932
74272
24294
83792
60851
80997
52903
6921
73661
26658
90296
84702
9632
9081
61357
34922
73208
77889
93359
36046
32002
84443
54970
63533
22049
52791
27751
81161
55557
11726
82607
68967
81437
61817
21303
17125
13025
38041
8831
66024
29735
68605
66304
26741
79746
23628
15988
73304
59413
93517
70220
58331
21695
36199
34135
67054
70734
84826
48522
91226
32582
13111
33568
74026
53141
14164
6859
49852
63530
60509
39725
78756
70362
77891
84874
54290
73859
83578
55218
45639
90241
11017
58902
20212
56480
67049
98768
81191
25330
45320
25830
46078
16419
50086
95809
86902
75232
68300
15384
50483
5998
64714
80518
78058
86733
64609
3098
47551
45165
31917
94049
68923
72722
46600
21249
73261
80511
34547
88723
49681
55926
5632
90002
595
61479
11184
72957
5522
28473
40778
16052
6408
37278
40099
56673
53255
43290
46565
31007
77896
3026
7439
81982
95863
78368
66401
66799
71565
48633
78799
48884
20356
39893
43319
90372
62585
88940
18301
70761
89349
95267
24684
44924
47423
78629
24336
19431
1722
52037
2497
69956
87643
40418
76099
44518
22783
23744
95951
97413
7766
60066
10064
76915
9298
48700
7859
46158
85076
26687
70536
51101
79797
52728
11612
62067
94273
21909
3419
6072
5541
71862
50304
75999
94850
86373
87356
49664
22539
76028
54653
76903
74094
17103
21350
96023
90003
59730
11374
22344
83599
74256
13043
10988
45639
90745
38640
33694
32182
768
36767
25164
33163
32849
50263
48268
23093
83415
55522
99437
2426
83585
15249
25660
48402
8797
26009
52701
7542
93099
44353
30556
78473
92771
30880
86568
53419
55048
60296
39284
9392
86837
7318
66819
66067
85596
33255
42354
56255
90006
66110
46366
87085
31526
88297
40284
5203
19657
20340
39492
17717
73469
16374
54945
62093
19891
67854
82130
62858
15274
45535
3714
60695
10921
96629
37944
50420
75535
53985
8685
18312
7987
7182
34996
26423
22283
31643
38214
51703
63334
71181
42736
51225
16866
21826
3061
91210
9749
70369
24103
47269
58036
99711
54391
55970
9191
84970
22501
73737
42242
69207
55904
78115
35016
25697
68395
28510
81165
84893
27355
88838
41315
28511
15324
2817
42497
30634
81734
4220
97891
56273
40068
38964
4986
11549
3377
73716
94377
76428
66754
66545
43757
40947
39250
79176
42014
8857
99655
17503
86933
28884
706
97305
26617
63047
74459
45456
9565
3978
97955
63449
91223
8710
62755
99666
55883
25118
54517
99591
51953
48999
89527
29036
5900
64721
73933
94454
75605
90456
48397
16543
27364
70160
55994
48605
72474
28839
24400
69482
79086
35019
84751
22438
82944
94961
59050
15917
56661
36805
35572
49944
61335
29686
17456
82734
96589
22765
73517
6142
85553
82226
42272
55677
79814
50443
40297
41069
46031
50870
4224
46767
707
14621
52067
18225
92497
10296
83999
19491
92494
17285
55346
20352
42070
94601
45246
47151
25152
62251
13299
10448
77211
30187
83472
4757
16788
81104
19674
60901
87034
37653
60576
19877
24519
22072
62644
88634
30504
46823
59811
32802
5860
58494
85813
59151
25027
94059
20921
41448
66648
98514
18682
47383
88956
95994
40226
31361
36508
2639
73799
68209
91522
18828
45423
16234
37877
40807
32896
14559
88708
87329
79864
39314
39611
45605
69251
65978
48589
2675
56080
11096
11181
43272
78563
55545
94635
63283
63308
83694
18472
69139
15584
8040
20520
7763
38808
87274
27213
99134
58793
87251
54918
24137
37705
78953
5040
53996
50364
15302
79843
94465
61149
79537
38218
57850
83703
51905
31003
69020
27542
98503
4031
57765
35808
46416
33727
89145
96607
72608
64856
35951
66735
596
52947
2944
81058
68516
74941
71227
33417
4957
60775
42942
5640
24842
15902
31403
90112
36591
50165
59850
98302
33988
1945
3218
72752
31371
48211
31585
23278
89181
20845
91475
89436
68411
7554
91677
90825
47080
1685
44010
64360
29683
79456
46212
3397
81370
25373
84136
7427
22676
97020
73442
23019
27709
18957
57212
6822
78982
22097
25211
69618
45435
99749
22958
66799
66719
34386
74336
85091
46416
60278
50181
37961
79657
66240
77074
22858
66434
10081
95532
12286
90958
11699
44837
47683
79497
