204
450
697
826
947
958
1030
1116
1206
1207
1211
1259
1399
1427
1609
2037
2079
2178
2243
2249
2321
2403
2473
2593
2617
2640
2718
2858
2884
2899
2899
2915
2954
3072
3185
3195
3614
3643
3853
3897
3929
4034
4121
4262
4416
4431
4435
4602
4838
4873
4907
5028
5305
5366
5489
5493
5703
5891
5926
5969
6089
6318
6367
6409
6504
6988
7002
7099
7133
7306
7488
7761
7816
8056
8133
8182
8224
8348
8407
8414
8418
8670
8676
8790
8912
8966
9105
9127
9360
9380
9394
9434
9655
9911
9943
9998
10095
10107
10123
10228
10314
10325
10343
10686
10688
10763
10808
10914
11100
11119
11321
11380
11413
11467
11537
11977
12001
12030
12054
12067
12166
12194
12198
12239
12270
12545
12650
12743
12781
12810
12840
13022
13074
13171
13193
13334
13357
13386
13424
13485
13513
13539
13677
13809
13996
14159
14219
14259
14355
14535
14672
14699
14735
14986
15039
15072
15277
15282
15322
15329
15399
15468
15514
15552
15579
15721
15971
16183
16216
16417
16445
16511
16540
16621
16937
16954
17098
17109
17178
17257
17525
17863
18164
18426
18532
18675
18792
19242
19331
19348
19381
19484
19747
19755
19912
19962
20105
20152
20288
20382
20430
20535
20608
20645
20742
21075
21160
21406
21488
21511
21759
21778
21801
22036
22104
22146
22274
22332
22425
22521
22601
22702
22824
22932
22937
23031
23050
23223
23241
23280
23376
23487
23511
23861
23866
23914
23958
23986
24001
24022
24168
24355
24373
24481
24540
24623
24926
25075
25089
25322
25422
25448
25708
25889
26278
26362
26386
26393
26522
26615
26731
26778
26825
26841
27039
27213
27268
27330
27356
27377
27405
27472
27602
27715
27779
27788
27797
27806
27851
28059
28161
28230
28506
28616
28672
28674
28828
28928
29154
29195
29280
29397
29409
29416
29446
29530
29535
29677
29685
29748
29871
29909
30079
30246
30274
30358
30444
30583
30594
30613
30651
30679
30982
31040
31049
31340
31487
31532
31875
31903
31921
32065
32082
32128
32162
32162
32280
32413
32514
32522
32581
32616
32825
32840
32928
33025
33028
33072
33127
33185
33266
33313
33485
33494
33648
33660
33768
33944
34030
34483
34719
34771
34812
34829
34866
34868
35001
35033
35049
35099
35138
35164
35249
35399
35419
35423
35468
35499
35578
35735
35936
35967
35968
36128
36193
36638
36699
36736
36816
37066
37341
37378
37421
37462
37471
37535
37697
37930
38116
38149
38171
38219
38421
38485
38544
38555
38737
38754
38797
38807
38905
39034
39050
39098
39211
39215
39251
39416
39494
39517
39544
39589
39696
39783
39793
39945
39949
39994
40180
40229
40373
40527
40547
40556
40592
40684
40856
40937
41050
41131
41180
41323
41325
41335
41371
41384
41419
41454
41488
41633
41743
41882
41945
41986
42000
42001
42063
42145
42197
42228
42249
42817
42869
43152
43257
43260
43302
43455
43473
43669
43973
44016
44078
44083
44160
44171
44186
44323
44383
44424
44426
44485
44595
44798
44804
45032
45146
45228
45263
45325
45453
45517
45576
45620
45625
45649
45803
45861
45943
45959
45982
45996
46092
46304
46332
46556
46642
46749
46973
46982
46983
47049
47268
47311
47502
47682
48150
48219
48220
48257
48276
48288
48384
48431
48580
48613
48639
48671
48734
48931
49147
49188
49191
49215
49245
49440
49446
49474
49479
49533
49568
49691
49905
49908
49996
50260
50291
50301
50326
50333
50371
50534
50576
50641
50646
50649
50840
50992
51029
51076
51099
51353
51354
51424
51538
51580
51630
51760
51775
51951
51994
52280
52282
52382
52603
52712
53151
53368
53381
53682
53722
53753
53782
53869
53877
53935
54289
54446
54662
54794
54849
54855
54884
54904
55024
55088
55145
55186
55272
55282
55306
55451
55501
55722
55728
55844
55855
55890
56067
56139
56268
56327
56360
56374
56408
56474
56487
56999
57075
57260
57293
57359
57485
57506
57519
57691
57722
57861
57867
57934
57946
58045
58084
58354
58454
58870
58871
58978
58980
59062
59388
59407
59553
59565
59579
59898
59983
60023
60055
60073
60177
60237
60291
60327
60427
60621
60656
60690
60747
60790
61108
61201
61312
61401
61542
61920
62014
62396
62516
62581
62612
63117
63156
63569
63606
63640
63795
63808
64146
64180
64236
64251
64437
64496
64525
64562
64603
64650
64835
64863
64895
65053
65077
65092
65170
65281
65508
65606
65974
66052
66144
66174
66547
66630
66651
66706
66718
66837
66946
67042
67148
67224
67235
67307
67365
67495
67518
67627
67774
67821
67911
67926
67941
67953
68152
68340
68467
68611
68819
68929
68963
69009
69029
69035
69035
69109
69113
69165
69326
69398
69440
69482
69553
69700
69761
69820
69868
69897
69972
70197
70385
70512
70544
70657
71024
71102
71132
71317
71382
71401
71541
71565
71608
71661
71970
72034
72070
72081
72087
72110
72147
72276
72433
72448
72735
72918
72930
73030
73225
73269
73277
73290
73403
73587
73937
73963
74167
74189
74326
74356
74395
74543
74762
74870
74971
75402
76054
76160
76250
76292
76425
76565
76601
76624
76654
76700
76709
76734
76746
76778
76815
77545
77612
77674
77708
77859
77909
77999
78155
78190
78314
78327
78377
78519
78531
78558
78621
78744
78856
78872
79233
79236
79258
79286
79493
79547
79699
79705
79748
79813
79976
79990
79996
80379
80428
80458
80619
80645
80714
80715
80933
81015
81271
81321
81365
81443
81527
81534
81801
82405
82606
82866
82919
82983
83017
83109
83346
83381
83432
83674
83942
83990
84279
84435
84542
84759
84841
84885
85132
85134
85258
85305
85331
85474
85603
85605
85768
86197
86245
86349
86426
86487
86641
86664
86682
86948
86983
87087
87120
87158
87176
87278
87344
87373
87580
87708
87946
88157
88212
88228
88468
88479
88854
88903
89160
89214
89417
89696
89699
89723
90016
90088
90116
90219
90239
90371
90375
90760
90819
91047
91305
91390
91627
91644
91802
91811
91929
92013
92036
92045
92410
92463
92487
92540
92669
92805
92880
93027
93111
93142
93190
93308
93600
93645
93725
93861
93905
93914
93935
93988
94000
94101
94133
94221
94229
94263
94267
94340
94359
94478
94548
94621
94965
95406
95429
95489
95528
95581
95798
96103
96156
96207
96515
96538
96696
96759
96872
96908
97055
97517
97563
97730
97827
98063
98161
98250
98263
98397
98488
98689
98718
98808
99100
99247
99471
99493
99692
99812
99837
99953
